$ANSIBLE_VAULT;1.1;AES256
34663966626661376361623635393561643161656562376233613231663062633134376430306633
6232633261616233373963643664666436613730653337620a646636353033633566663263633166
65633666383363616131373564653936306230663866616137346266323462626333306566393532
3364626662626437350a336533326661323438393836646361333233376134626634656639633534
32376531366232653335303065656332323961303664386537316238376635363437623265343632
66323364333661336439396139643438636434333164316336653933656133353233356532383163
62353633643331346566626263313161613039346263633864613032313765373732363836323439
37323837663961303632643966363135613230666330353231623263366631663232336564326464
64366638656339623563376638666233306633643364333638306433643035393263343937363432
64613764356461653730623536643930613463373837383937353563613166333538316466393266
31386132353235373135306561356166636362663032363235353363333331386365393964666139
36343263623664383831323865373234643339656234663966356430326338623363373661386137
61663063333765383635323131626332343766633830656164383137653463303462613533353139
62653631346562643635373032646261313634366439633837356537356463646231323733313930
38363039653137653466656136306462636130303732373935306431636237633066613761643366
66626430393262393437
