$ANSIBLE_VAULT;1.1;AES256
61306564646635663534386664303330326432316234393462653332343033316334396535373437
6561613766613765303865636663313235376231316437610a313063323964343936633336636634
38646330323661393965306332343731336236396131663063353730356565333465663135383634
3537326363356461340a666638316630326230656437633631346639343434646562393538326439
63393131636434656130303332303539663463613863616135636361623861633461353562396562
62653738336539373539323037616636666534393463343738306565336336323633663135316631
61373236313665656464316337333034366138323434393630663564373233303239383130663630
39643831376264623237303764356434666665646239323766613338623361353631396566356133
37303762313938333330626165643766313539323631363933373530316537336364663231326535
66363232356534376330353230646561356163386265366532353838396137656166643833306637
63636235363030616438613765653334333861333933333737656263663839663734376236306439
61616163356434343463386630646633316161326261396538313135643864373863643931663062
66326436313631623530613439636534383037633737633530393763653861646566643935666436
38353964643936376139643938353036383366666633303564336634343535393331366336643436
38383065326566663535356636653363316235653536323234646164373963323738356362383564
31386165323164383832653831366431386630316338313238343163623931396434313864343966
66363532353061656361623863666666633231353732386463366563356266663133663536346233
38303934346435643265343039643434303939643564643338373061663139613231633539396263
61646530343537613737363332643931646438613263333333313963366261623166343836643862
31663563626165383034666531396535376130616332613632363333376336306531386539623532
32383737313563393966666633313761616564303531316264383134323933623162363833353962
33613139306331356336383461313231353634326431373136303033366665333466343430323333
66643833393938303134386632386330653631646231373363383966633337323963643432303334
31656532633562613262356265383663343964383036303461326363636563363235333330303034
66316139643161633563356536313864646434316362363861306134376365396232
